y = [2753.49 2753.49 2753.49 2753.49 2753.49 2753.49 2753.49 2753.49 2753.49 2753.49 2753.49 2753.49 2753.49 2753.49 2753.49 2753.49 2753.49 2753.49 2753.49 2753.49 2753.49 2753.49 2753.49 2753.49 2753.49 2753.48 2753.48 2753.48 2753.48 2753.48 2753.48 2753.48 2753.48 2753.48 2753.48 2753.48 2753.48 2753.48 2753.48 2753.48 2753.48 2753.48 2753.48 2753.48 2753.48 2753.48 2753.48 2753.48 2753.48 2753.48 2753.48 2753.48 2753.48 2753.48 2753.48 2753.48 2753.48 2753.48 2753.48 2753.48 2753.48 2753.48 2753.48 2753.48 2753.48 2753.48 2753.48 2753.48 2753.48 2753.48 2753.48 2753.48 2753.48 2753.48 2753.48 2753.48 2753.48 2753.48 2753.48 2753.48 2753.48 2753.48 2753.48 2753.48 2753.48 2753.48 2753.48 2753.48 2753.48 2753.48 2753.48 2753.48 2753.48 2753.48 2753.48 2753.48 2753.48 2753.48 2753.48 2753.48 2753.48 2753.48 2753.48 2753.48 2753.48 2753.48 2753.49 2753.49 2753.49 2753.49 2753.49 2753.49 2753.49 2753.49 2753.49 2753.49 2753.49 2753.49 2753.49 2753.49 2753.49 2753.49 2753.49 2753.49 2753.49 2753.49 2753.49 2753.49 2753.49 2753.49 2753.49 2753.49 2753.49 2753.49 2753.49 2753.49 2753.49 2753.49 2753.49 2753.49 2753.49 2753.49 2753.49 2753.49 2753.49 2753.49 2753.49 2753.49 2753.49 2753.49 ];
x = [-25 -24 -23 -22 -21 -20 -19 -18 -17 -16 -15 -14 -13 -12 -11 -10 -9 -8 -7 -6 -5 -4 -3 -2 -1 0 1 2 3 4 5 6 7 8 9 10 11 12 13 14 15 16 17 18 19 20 21 22 23 24 25 26 27 28 29 30 31 32 33 34 35 36 37 38 39 40 41 42 43 44 45 46 47 48 49 50 51 52 53 54 55 56 57 58 59 60 61 62 63 64 65 66 67 68 69 70 71 72 73 74 75 76 77 78 79 80 81 82 83 84 85 86 87 88 89 90 91 92 93 94 95 96 97 98 99 100 101 102 103 104 105 106 107 108 109 110 111 112 113 114 115 116 117 118 119 120 121 122 123 124 ];
Y = [2753.5 2753.5 2753.5 2753.5 2753.5 2753.5 2753.5 2753.5 2753.5 2753.5 2753.5 2753.5 2753.5 2753.5 2753.5 2753.5 2753.5 2753.5 2753.5 2753.5 2753.5 2753.5 2753.5 2753.5 2753.5 1822.15 1813.5 1817.35 1855.95 1859.55 1890.85 1843.3 1796.55 1777 1743.6 1732.1 1718.3 1763.4 1731.05 1751.2 1758.45 1759.25 1759.25 1753.45 1770.1 1764.6 1766.5 1765.05 1742.6 1719.65 1688.15 1661.4 1657.15 1639.8 1608.15 1641.25 1627.5 1640.7 1636.2 1621.55 1641.85 1659.5 1646.85 1658.3 1621.2 1594.5 1596.3 1573.65 1516.6 1523.85 1488.35 1515.4 1521.7 1504.85 1527.6 1514.1 1519.7 1532.5 1500.55 1475.1 1473.6 1500.95 1508.05 1480.6 1502.1 1510.5 1506 1520.4 1520.4 1533.25 1518.35 1550.35 1576.6 1577.4 1649.65 1692.15 1674.8 1645.1 1652.1 1654.15 1654.15 1701.3 1708.85 1677.95 1702.15 1725.6 1743.4 1767.5 1837 1901.95 1917.7 1893.65 1934.9 1896.2 1902.8 1922.4 1922.4 1985 2028.05 1994.15 1994.15 1964.05 1959.4 2017.3 2017.3 2072.1 2048.55 2065.2 2065.2 2085.25 2106.2 2065.8 2078.6 2078.6 2048.2 2044.55 2052.2 2075.8 2091.75 2173.25 2242.7 2276.1 2282.55 2279.25 2417.2 2568.1 2526.65 2459.3 2511.65 2753.5 ];
X = [-25 -24 -23 -22 -21 -20 -19 -18 -17 -16 -15 -14 -13 -12 -11 -10 -9 -8 -7 -6 -5 -4 -3 -2 -1 0 1 2 3 4 5 6 7 8 9 10 11 12 13 14 15 16 17 18 19 20 21 22 23 24 25 26 27 28 29 30 31 32 33 34 35 36 37 38 39 40 41 42 43 44 45 46 47 48 49 50 51 52 53 54 55 56 57 58 59 60 61 62 63 64 65 66 67 68 69 70 71 72 73 74 75 76 77 78 79 80 81 82 83 84 85 86 87 88 89 90 91 92 93 94 95 96 97 98 99 100 101 102 103 104 105 106 107 108 109 110 111 112 113 114 115 116 117 118 119 120 121 122 123 124 ];
axh = gca;
plot(x,y,'r--',X,Y,'b-','LineWidth',2.5);
set(gca,'XLim',[-35 135],'YLim',[1455.1 2763.5]);
xlabel('Working Days');
ylabel('Closing Prices of the next day');
title('Stock Market Prediction using PSO-BP Trained ANN');
txstr(1) = {'o : Predicted Value'};
txstr(2) = {'* : Target Value'};
txstr(3) = {''};
uicontrol('Style','text','HorizontalAlignment','left','FontSize', 10,'position',[1111 90 120 40],'String',txstr);
grid on;
set(axh,'GridLineStyle','-');
grid minor;
hgsave('nitish');
h=hgload('nitish');
saveas(h,'SBI_daily_241113_240514.csv_Acc_53.700327.png');